3534
655
2149
9891
8406
3976
2756
6780
6104
5799
1340
8456
7993
2333
758
8888
4971
5005
2591
7708
544
1807
6075
2223
4331
9322
593
4904
86
5300
907
6272
8289
3749
2705
6545
2541
2945
158
6123
1064
2921
8329
9282
4842
6666
1745
2950
4801
5573
2953
8550
6395
3281
2931
6969
8395
5559
2744
7322
7961
9524
4077
9503
5095
2282
7972
6554
678
8420
8046
7668
9637
6466
3732
5467
1571
2736
6367
7187
253
8592
3455
9812
6593
8577
1158
4269
8623
3973
6529
5836
9495
7351
9601
6516
5246
9607
7470
538
1009
260
1943
4000
1233
7424
7059
643
4826
4334
5355
5356
2171
1189
434
5881
8049
9379
2847
4048
4436
8092
9103
7530
8954
1910
5199
4239
556
3621
673
3354
1608
1094
3542
2914
2502
4963
9469
4283
4687
4597
450
5401
2843
6068
4177
4386
4204
2363
8028
2752
6066
8250
6700
6621
8052
9012
7160
2499
1259
3880
8469
3899
6255
2886
9710
4694
4095
9847
7774
118
5935
6245
9032
9529
2122
876
9795
1143
1913
2401
5229
1950
657
8853
4428
4687
8400
8371
6435
7976
6986
3071
8748
3078
8328
4568
2857
9614
9500
5783
2620
5463
1847
4945
8230
6309
6385
8415
5798
5737
3509
2932
7472
6697
5014
8075
2706
3983
4101
6549
6718
9913
6343
2918
2940
8367
7810
784
5635
3702
4960
3401
2600
1415
5172
2281
9318
3117
5905
3144
5533
7446
7537
4809
1280
364
7324
1444
7425
5321
3368
5922
8381
5054
9133
8592
4293
5976
6196
3326
9861
7845
9928
6980
2325
1499
8115
6706
7766
5352
6914
7992
3869
7394
1910
8416
5728
7708
4187
4425
8402
15
6470
1554
7821
2289
6867
6694
3859
2742
1068
3680
8027
3174
1035
3960
3996
2932
1542
5477
8591
694
6468
8392
6699
193
4089
4173
8327
3970
7320
2961
2810
603
1915
7244
8915
5316
6003
4376
4233
9116
8805
9137
8324
7204
4409
8410
1351
7462
9462
9804
5001
9601
8354
8422
5842
5365
6913
4030
186
3465
2425
3608
221
4133
9572
2360
3376
6723
7479
3468
4604
4694
9747
6280
9623
3575
9596
8401
6697
5498
8664
4834
8558
8117
5307
7886
8029
7457
7114
7710
2629
7791
9469
1134
4635
4519
3680
9431
6339
5836
210
1345
4443
6635
9899
3414
2399
5519
2699
3590
1996
1613
4016
1616
2358
5622
5954
4525
3313
3147
3725
8070
7999
3180
8774
699
8736
2508
6895
9681
1603
2715
1571
8999
9292
2146
9401
5568
7665
1259
387
2328
792
3844
9611
106
3795
2964
5471
2694
6958
8772
8744
1345
3831
1727
2034
9874
1687
2753
9770
3030
1361
4460
7721
8583
3041
2583
1543
7211
8879
4294
1583
1349
8243
43
1494
7944
7771
2583
4927
8919
1928
8230
9741
3560
1601
4160
544
5785
540
1784
7726
60
467
3349
3718
2607
8899
286
9134
8935
6881
7899
766
3553
5104
156
8952
4316
389
1453
2109
2804
7237
62
3667
6750
8920
929
7742
5426
7808
8533
982
4116
280
4605
3053
6695
758
2748
2761
5691
4491
6116
6280
8577
3919
3994
2853
7375
4754
9603
8526
5752
5053
242
5915
9614
8812
9133
8055
6658
3559
2675
2608
406
9089
1959
8187
3419
5759
8061
5017
8588
4135
6253
3861
9928
1765
6129
2167
234
7724
8984
5547
210
6777
7500
9412
4025
3785
8172
9978
4039
1470
4136
7493
5015
9177
505
2539
265
3610
7590
4101
4940
9819
2643
4383
2678
4446
7161
9667
1953
2332
1096
6117
6532
8301
3140
808
9259
2103
4013
519
6090
6
3028
7268
4706
3511
6455
1832
4294
3853
2559
3327
2117
365
608
4754
2603
878
8540
8366
5565
4489
2333
6153
2425
789
5272
1878
6775
5914
1778
5932
8796
1222
8195
9170
9897
7083
1825
337
995
9975
7766
5167
8991
4321
7614
1550
3835
4993
7756
7308
3979
3025
2554
9738
4311
8056
5999
7149
4508
9482
2302
9259
5174
5418
2866
6096
1908
4381
3663
8394
5604
2167
591
2615
9037
8565
157
4805
5753
5095
2811
2427
5180
5792
818
2450
5179
9228
5467
9393
6933
3872
4746
5562
1197
7482
5435
6183
2623
378
9845
7098
3660
406
32
2311
659
987
2201
8541
9668
1253
1175
8256
4924
5305
7892
9638
1703
6409
3205
2096
4432
4161
720
7359
3810
668
5447
6030
197
4356
3182
2512
5764
9007
573
6357
5924
4842
9638
6866
5446
8844
88
9909
9711
5326
28
4299
7629
2563
2442
5976
7333
8085
9976
5485
2843
1032
8773
3135
9391
3919
8913
8618
8985
5507
1447
7723
8297
9309
5320
7109
1804
1729
2754
3195
4874
5534
5691
7017
265
8576
5839
4587
9306
8840
3031
1466
3861
7110
5629
6301
7606
3461
1480
8993
6514
2747
9908
1715
3672
6125
5134
9449
5903
2214
6482
7694
2106
4084
5168
2694
249
4867
2143
4943
1732
4564
3879
1022
2405
4627
8587
3026
3630
968
842
6419
7400
7290
1731
8704
9137
3141
2807
6600
8927
3812
2307
6812
3226
9986
624
4058
3084
3331
1280
7474
2506
3871
5674
6101
4529
2684
6478
6870
9491
5709
7502
3746
6545
5153
2849
4885
4214
8025
4829
5870
4316
2902
8537
9904
3034
8024
3828
1534
3186
5117
6496
5502
1217
9588
5962
463
3944
7914
6075
8454
8307
3277
5586
2884
4166
387
3081
9660
7031
415
6706
4931
9158
2567
8295
7612
3715
6194
4642
8438
2152
3244
4721
4640
1026
5537
6252
6203
332
2126
1538
2466
3223
6113
2149
1977
6681
8252
4650
4259
5190
7267
9388
1352
4049
3765
1017
2863
6187
1722
7727
2983
3345
4538
5751
653
7748
5029
3977
5824
672
8352
5247
4165
4791
9138
2148
1676
7781
7897
2654
9162
9113
2042
4810
6235
5882
1817
2228
3613
798
7716
2328
7833
9899
7240
7859
3105
4751
3527
7489
3266
9978
1246
8486
8848
7909
8035
6137
6423
6913
6201
4411
4657
3206
3123
9553
847
7585
1394
3571
3284
7629
6359
1530
6242
3734
7716
5845
3434
9414
3954
9302
5819
5915
6
3812
4513
1169
667
932
8447
9089
9444
2237
8542
1491
6509
1154
6889
9423
1110
8692
8406
7951
5857
358
8341
8367
8772
2170
6336
1327
303
6701
1094
7237
6876
5167
9109
4716
8041
7496
5770
9576
6622
8315
3054
1302
843
8431
9998
4088
8738
1541
9619
913
6878
667
8095
9837
1027
8671
8346
2978
5842
1100
8276
7669
8643
9091
4235
4112
8432
2541
9241
8010
4153
1615
8467
6500
9584
405
7481
9442
8628
2500
4944
7217
7635
7186
8582
2032
3359
7060
2976
1356
1202
2141
7801
2904
4483
2749
9622
949
5984
9308
3975
5615
6012
5535
9215
2375
4515
7190
2386
2999
9505
5210
454
4222
2318
7333
4429
6897
4633
5041
631
7684
3773
1528
7241
1238
1142
995
7085
9459
5972
4174
90
5843
7809
2684
2232
1089
6719
3476
6483
3340
9985
1869
586
7651
3550
5480
1042
4105
8803
5198
6470
2294
9628
2200
8683
146
3731
3142
4025
6256
93
5740
3198
2134
3765
8311
7663
488
9650
8171
4257
9787
1702
3756
2701
2802
6641
3041
4042
6843
8053
6733
3159
947
8062
419
3557
1496
7253
7736
5412
6106
3968
4379
3464
2790
3917
9018
1483
6861
8727
2271
5304
9392
2324
9355
7165
1329
6892
8043
2085
5687
2448
5465
555
5739
3878
3059
2571
528
3850
3479
9979
3877
3553
4157
6386
1934
7321
2164
5709
5420
3523
3103
6724
3805
4183
5740
6039
6945
5609
1083
3805
9118
5752
502
1995
1821
9700
7006
6005
5755
6864
6634
822
4534
4982
3250
2321
3234
2502
1422
1422
5798
712
2716
7027
5684
6829
6177
6167
8897
4694
3998
2089
9186
1703
697
5628
5490
8174
772
6744
5289
5243
3120
8724
5885
7919
2777
7928
4283
728
1040
1078
1506
6058
5037
9625
5544
349
6177
7002
3487
4628
7042
8877
3691
5395
8866
9204
1471
7677
6985
7207
4822
4711
6729
1959
6989
2703
6663
8063
113
5178
1456
1770
4475
8936
7177
7208
7153
2794
5376
6883
7193
5473
905
9473
6798
915
6128
6605
1260
1740
8450
5947
8619
6548
719
3119
6001
2999
9513
5197
1187
1540
9939
6866
5500
6960
5920
5630
633
6264
6171
7926
2444
5322
3482
3973
4671
2131
3424
1045
7559
1758
1469
6441
8512
6018
7037
9649
5873
3978
2175
8241
5683
5658
4784
6334
1904
6889
2807
2963
1067
7943
655
7591
5710
1413
2356
8144
1832
2004
9246
8600
8371
6629
5148
643
4625
5757
2373
9226
6026
1261
8541
785
6191
98
2488
2781
3867
9979
8475
1223
3770
1569
139
9218
6905
1809
2365
2654
5284
4827
7057
1703
7535
8089
5933
9054
4560
5909
4110
1258
7193
5143
7397
5049
7007
3739
4944
4714
7842
3510
4851
8777
6004
8741
7149
2798
4263
2231
8335
7725
5304
3230
3053
8152
9105
2888
3181
7051
293
527
9997
6147
5217
7211
1390
6742
654
8871
2917
6167
1903
1614
8142
7973
5224
6177
1208
7997
2218
6378
5876
5165
2921
8683
4109
1938
5043
3267
4218
5195
5596
487
6455
5224
9667
7030
6290
8705
1463
8953
9490
1815
4026
7004
466
9717
1131
2357
4922
3078
2311
6816
5504
8336
1779
6301
2901
9310
2163
7346
6534
296
825
6920
5853
482
2552
1643
847
4778
8818
5307
8726
3500
6109
1736
4430
9137
1029
3712
9553
6146
33
1923
7314
877
6319
5061
5357
2332
3495
3604
2922
362
2867
1848
1400
2230
7521
3552
6052
9424
4525
6970
8996
1759
4576
7674
4173
1758
9935
198
3365
4921
2213
9135
2871
6283
1944
61
18
7631
2092
7064
4761
2618
1406
6616
8174
4690
7997
7672
1681
6509
5606
3041
8861
1616
738
2391
173
4432
2260
2949
4608
4563
2758
3607
4373
9179
4159
2678
7772
8625
3926
8572
414
3078
8400
2867
6608
7578
9486
1151
6730
6963
8437
1264
772
1403
1290
9596
7069
6781
4000
3510
208
9701
1823
5782
3272
462
513
3686
7776
7396
9314
3722
5633
8278
3850
4699
8618
7534
857
8078
914
2714
3190
7712
9168
3923
4867
6767
2914
523
9731
9432
118
798
3775
8014
7656
1601
6288
7325
9687
7443
2255
4943
2446
6821
7730
725
9249
8960
5458
8839
1999
9945
4669
1312
2293
6259
3106
5045
221
8462
204
4967
8504
7516
9034
9519
4374
4356
5705
1699
4857
7001
6585
9266
5399
9583
9405
7697
8471
8973
7362
1026
1575
3543
3997
886
6918
1728
6973
1669
9123
9812
2095
1031
3972
9549
8867
3600
6831
347
3776
6853
6917
9401
7850
262
8637
8548
6920
6958
9687
4842
8129
4435
9022
3353
8615
6123
665
3776
5632
8223
4555
6552
7235
4606
7965
5619
9419
5740
42
241
4035
4920
7308
9262
9253
3734
6429
7194
323
7805
8941
5434
8417
339
409
9809
7965
3881
2843
8916
1639
2421
8475
2567
8170
9751
3452
6563
4678
4510
9
5371
3469
7928
6799
1656
4714
9514
3962
1682
391
8636
1182
5941
1939
4299
9568
155
7111
6381
1055
2801
8592
998
7092
4182
9361
2023
5854
6442
2476
7908
3699
5599
600
2891
7566
8548
7284
3380
8124
5651
15
109
3350
6915
5320
5247
6388
9048
8512
1037
7680
9510
3666
7283
1504
7750
6340
5849
8025
5579
8698
8619
9970
6113
9200
3989
183
6185
2125
3772
4127
6141
2482
7912
9182
9877
1659
5252
7064
7696
6022
824
7193
3545
455
6922
8714
1339
9682
4014
2758
6334
918
3099
2532
1368
9946
625
5901
6700
8698
975
4024
3345
6494
2552
9734
47
8184
5467
4642
1222
7730
5431
5571
4879
5089
1007
925
1977
4907
5043
864
8725
2060
1971
785
9334
9479
4500
4265
1763
3279
6018
2723
9088
627
8637
5168
8027
8174
6712
3846
1846
3230
9360
4687
4739
5815
9008
3068
8952
7733
2682
8492
2665
8336
2587
4788
210
2919
8298
4203
7492
1072
4118
472
2767
1511
7707
9305
5018
1744
9173
3021
5536
6828
7963
8426
7023
3757
8366
7775
7495
1531
1319
2553
4704
8855
1767
3256
4192
7020
1282
5922
4473
819
126
3374
8478
1578
3017
123
8470
2638
8044
233
9142
5777
263
1025
1025
640
9861
9596
1156
8033
8899
3396
6861
3925
8426
9979
6115
5063
9261
4669
6287
1061
6348
4065
248
7905
3676
326
1817
2605
5900
237
8139
8526
3629
9542
9631
7565
168
582
7598
7405
1495
5032
9875
162
6067
9037
778
5682
3003
7329
5157
5837
9303
7451
9308
2042
1230
8059
5055
1776
8568
5210
7113
2081
8186
7318
3349
9386
2953
2001
6931
3832
1371
8160
5714
6043
616
6329
2388
4445
6839
4693
9186
1856
1317
3069
8473
3477
5403
505
8880
5114
2649
4917
9153
6370
7285
398
8821
2967
8318
7917
2589
1555
4316
6629
1050
5138
5433
2400
5038
9984
2300
4229
7099
3228
5529
2274
600
2472
2213
9765
2673
2910
8946
15
869
574
1703
7456
1712
1718
6993
5943
2084
4152
3970
6600
1936
1676
384
4936
6500
4440
2421
9145
5756
6504
2073
7281
427
1852
1243
3635
8629
3027
3329
799
6669
7238
9565
4772
5972
566
751
1829
3029
1065
7728
4753
8396
4062
3460
6917
7576
3475
9481
2951
922
4406
1915
6617
7435
1826
5180
8403
3967
1794
4419
1641
8226
1903
9154
7699
5921
4223
6910
8666
4328
5094
9590
2073
6798
3770
1333
7076
6065
5028
698
2694
4401
440
1730
6260
8923
3163
5742
1735
8924
7824
6983
1069
4290
5592
29
3823
897
5344
3427
3948
7021
4695
2175
3033
8705
5205
2747
3936
3270
2222
8985
4315
3267
5194
4238
2572
1811
846
9158
4648
8783
4865
257
5923
1605
3476
1615
7807
2304
1184
9245
9376
8563
5389
2749
8387
6726
5048
7409
8316
545
2924
6600
2523
7359
842
8571
9115
5906
9958
6634
4508
663
8944
266
3197
4243
7616
7496
2612
798
7032
7320
2072
5684
8473
8296
9221
9739
4178
1954
9725
286
3074
9960
6254
1868
8696
1424
5723
8295
9562
1179
3047
2793
5801
4350
595
2981
55
6292
4541
2162
1252
8985
4566
5119
4998
6320
8837
3320
3090
1027
9864
8176
7118
7131
9178
2479
5537
9355
8910
4286
121
1091
8182
2629
1960
1599
8226
2104
7174
5121
3476
8216
9647
2923
6954
1201
3996
8912
7726
8802
854
249
2877
7245
9259
6047
406
2627
5885
2252
469
6956
2249
2089
8337
6036
9441
5761
3650
9241
1437
6595
3115
7522
804
2073
4463
3430
2108
7654
2559
1335
4212
1281
9288
6420
6776
8194
1603
6888
5878
5841
9253
5353
8196
4701
2352
1154
5662
8380
4018
9197
3229
9794
6459
1861
303
7735
9794
3744
4180
6212
3856
733
4404
7790
211
6984
7624
9697
5442
1532
2453
3584
7928
2044
7534
5174
2254
9194
7510
6423
3735
9389
8204
273
2754
4153
1998
3863
4530
7058
8023
606
9287
9838
7756
9946
1491
9581
3128
9238
602
4552
7958
3825
1770
5863
5311
4343
1001
8347
7255
9430
451
5000
2249
6632
940
5953
8412
7815
3069
3775
9514
9256
6933
2478
4952
4241
12
7691
276
7562
6148
3299
2778
6352
5730
8999
73
4131
9033
5745
7613
5045
7717
3836
4029
8992
7028
1728
5838
280
5253
9365
8989
1148
7658
3835
6002
8486
9757
6230
1872
2996
2638
4528
4175
8264
2888
4463
6948
3044
6987
7344
8326
8763
434
4004
1626
2182
9163
9120
4651
6853
2139
7113
400
4190
5821
2106
352
9080
9650
4370
3797
9348
5377
4148
2315
9057
5263
9890
8796
8674
8788
7085
5655
745
7822
4014
2880
2875
7387
1005
317
8871
7357
8511
333
2855
7357
9543
5712
1836
9980
4658
8320
2940
1735
748
3168
8328
1924
7767
5620
9873
6248
1316
403
1346
845
2117
6977
3197
5153
9745
2392
7919
9954
5244
2657
1615
7192
8370
606
6842
3221
2541
1953
1285
1369
9895
9345
4594
7644
2177
9231
5095
8038
8550
8541
2004
8957
6515
3489
5413
7032
6293
6253
3228
9960
7693
9392
8586
1974
5100
4111
7172
1898
3013
7028
3300
8525
3731
6173
6957
2626
1451
7182
5675
7979
6902
9247
7182
9533
3667
610
7859
8457
4070
1111
8105
4722
2086
6223
237
7536
4983
1535
1734
5190
3236
4985
5229
7649
2119
6982
2242
513
7139
8768
5412
8938
5554
1334
8945
2145
7688
9179
7010
3701
7580
3224
3153
4519
4595
3052
6615
9769
6401
2614
6173
9187
906
7461
493
6012
9006
9235
6065
1388
5579
2571
4274
4998
3994
2879
3689
5022
4570
8591
6276
4326
4944
1588
1495
6275
1805
8243
8770
1855
9108
9424
6877
7009
6205
2076
3396
1771
9391
4460
3365
9932
6011
554
4258
8489
5739
4241
8307
8027
668
7823
4469
585
2104
4474
2636
6537
847
9297
8263
9183
7043
1705
2307
3428
1540
7558
6826
4818
8521
2529
4382
8035
335
794
8194
8711
7135
3279
4302
7748
3950
1567
2277
7922
3574
4233
8824
8622
921
6015
3516
777
5720
433
4603
8440
4119
3789
7865
1598
1061
4988
760
9201
1839
1135
8918
6627
3714
4343
5134
8478
764
3522
1580
7578
8014
5438
7977
9319
7798
11
6635
9726
8290
4540
4722
4889
8969
6058
2257
9168
5275
434
2500
7268
4170
1652
2451
7220
5507
5100
2569
872
1169
2547
5978
4275
3014
9516
8243
2077
5441
6722
2431
34
2496
1246
7158
6000
3504
3388
3913
1173
2233
5155
768
4446
2558
502
1905
7410
3838
1275
869
4604
7795
5117
6061
9898
7816
4812
728
2641
2390
141
8335
9328
7203
6814
6542
437
9573
9724
4550
5385
304
4275
5918
2642
7315
9967
3105
4481
1899
4471
4751
316
7434
9028
6755
3274
23
8208
6502
6261
4519
3517
5465
2947
9891
9003
8256
3427
7202
5171
7517
514
4099
2806
3614
1450
7313
3390
1554
3841
7469
7205
4296
214
719
4938
7755
4507
7241
9481
4986
3827
735
7328
326
1935
6786
6267
9937
4783
5212
5220
760
8812
3181
9715
5122
1902
773
7367
776
2112
5407
1041
8342
3237
8322
9936
9299
632
8118
4627
8699
4762
1762
8071
5885
5234
4845
8356
6882
7511
4625
9959
247
7574
577
4308
8499
5829
9841
1816
7842
3397
7088
6429
130
68
8686
5328
8475
4606
6384
5177
6002
9932
7454
5252
7324
6558
2685
6874
9361
5235
9559
3721
5331
1241
3142
4309
2133
5121
2178
5888
7459
8454
3219
4592
2462
5867
507
1804
9745
2338
7115
1410
7924
8310
1669
345
3836
2261
1071
5613
5923
9455
3298
6425
6716
7851
7305
8062
8757
606
8640
3263
6043
4504
2638
1790
8273
9085
5800
1344
6062
4610
7225
9572
6522
7409
9141
2197
8907
6161
5062
5554
2523
3568
1373
4661
6237
9703
4836
770
1742
9984
3467
5686
1088
4650
4435
8238
9644
432
1372
8963
5958
8298
6641
4126
642
6071
7789
1268
7053
6231
7500
3668
6866
4481
5748
2968
9147
7405
6130
4915
198
5485
4021
2597
5958
5064
5568
2896
674
4746
6177
2192
4958
48
7518
6746
7055
1613
7883
9795
4036
5745
4797
113
9396
4201
9291
5046
8384
2617
4814
6018
5245
3457
3218
8114
6374
9426
5352
4581
828
2602
247
9311
3985
1553
3993
2879
8306
6972
8054
4238
1277
7298
1137
2224
4751
1798
1012
7985
6611
405
58
1416
5747
3845
2795
1665
2415
4357
8640
6603
1303
8417
1352
8956
2544
3747
5829
8089
9022
3875
7510
6040
4424
6931
9625
3006
4910
8170
354
6375
9339
7717
7577
7343
2375
7861
1816
9093
1227
233
6251
3037
2865
2696
7258
2859
3923
900
6566
4401
5713
9111
9004
3679
9298
7065
1986
9719
3620
1828
7173
6771
5363
725
4815
8446
2630
6878
4627
5494
8878
8437
8722
2849
6990
4789
3054
8471
4310
2237
313
8273
3988
850
5751
2616
9050
5858
7373
81
9529
4747
610
4554
1024
231
9192
9210
7170
2736
8278
5431
4873
2078
510
3348
3724
7187
1111
466
2830
1945
3555
3815
976
547
6563
9680
6092
1932
9867
1214
7940
6626
647
4948
2921
6591
2592
6660
3900
8362
5085
8807
4623
9652
4094
5395
8289
4897
7834
7851
5206
4120
1934
7196
6075
788
861
3698
7636
1561
6767
2320
8022
6428
1175
154
582
7464
7676
4389
7316
3003
1653
9793
1389
1091
9225
7828
9002
635
8767
3455
2601
7034
9199
3641
3007
2879
9254
7600
1622
1070
8314
5558
1787
7965
2416
1353
3137
1097
4912
4959
4610
6665
332
3868
41
2136
1362
1311
8780
2345
2765
2782
1469
3201
7416
1919
8324
5044
8140
8966
6811
3734
9732
1950
4632
733
1780
8508
4322
5757
2066
323
3547
4631
9097
6455
9626
6321
7840
5023
1797
4690
1669
6907
100
7647
9775
4553
3238
1949
8036
8875
848
3260
6191
7058
2986
1936
667
7668
8429
4231
5032
5589
9943
2078
842
4526
2331
8759
6416
2553
6532
7711
4412
3144
3032
3611
9678
5800
1752
6747
2633
1985
7120
589
5078
1995
8720
866
9373
136
5814
3278
2750
5567
7838
4443
5280
1547
7561
5640
7421
4579
3988
4184
2799
2683
6717
6417
825
3629
8626
6515
3479
6787
3459
4006
8228
4994
2240
6345
1898
7459
2167
6562
1749
2204
3450
3714
3264
4092
2642
4146
8635
9308
9943
3824
6676
6565
8225
392
8113
2660
8704
9815
9511
9459
2405
4565
8644
7330
7217
3788
1559
8532
3257
5534
5359
6707
8316
8614
5817
4757
8731
3276
3903
7820
5821
4289
6060
9477
8362
2199
705
8835
8999
6715
4393
6916
3234
540
2833
512
2305
3138
4762
8917
4322
503
7232
3669
7698
2006
1595
6865
9238
5458
7535
6843
168
2312
2492
2523
6030
6890
6621
3166
2643
9285
573
9600
6842
3273
4570
4288
5517
9260
8795
635
4987
9283
9487
8363
2167
1589
240
8076
7726
6126
7315
1607
4708
4383
5837
4933
5215
8950
2087
6310
1744
1072
2287
6129
336
2382
2017
2741
9860
6094
9571
544
3816
8116
4281
418
6060
4808
5976
7780
6707
8288
8324
6335
4167
3581
6438
8206
857
4471
9389
6774
3805
502
5758
9361
9266
5489
9895
7792
6155
7835
9280
2191
4975
8265
2063
1905
751
9574
2489
8045
2107
5397
4636
8009
3033
3261
5075
2032
8071
1774
1448
3529
9238
2705
4412
4943
6242
2187
9482
9861
5198
1963
9806
6470
9885
1255
911
3065
2599
5638
1085
7806
3269
8136
7895
8477
6910
7392
5136
4301
4624
2493
7400
2716
3594
7217
1918
4223
2329
8290
3914
8563
5631
3775
6118
3227
3495
5773
6251
2018
486
8464
5893
4344
2315
4660
5682
6255
277
1849
8335
1010
6188
5610
3077
6871
3442
9964
1007
5293
3039
8591
3094
7185
1791
276
1872
7147
4995
3255
6215
5056
1680
2252
2334
7947
5374
1042
475
384
7034
2205
8076
2701
6964
7987
9286
957
3665
4096
4630
2802
5016
3714
3692
6419
4970
684
2161
6822
961
4442
1243
6510
3280
4175
2205
3169
3066
9763
3637
5598
1532
4221
8851
7301
7074
608
2492
2697
8340
7781
4292
5756
238
1637
8104
1276
2209
4860
9269
8514
378
5222
6329
8115
2305
6663
2781
9874
8064
1422
3770
8596
5478
4056
1626
5772
2669
4493
6230
4755
8149
5263
5672
6077
85
2852
387
3340
6922
5915
263
9566
5199
1383
8032
3443
6343
4784
7826
4417
4575
9830
4194
6491
4237
4752
6114
1695
616
1163
5769
3679
8204
6892
9476
1757
5430
8012
9846
9647
8600
813
9128
7594
2484
1896
6692
6167
8449
8154
4454
952
9375
1702
616
915
7306
2402
157
8394
3413
276
2475
1900
3801
8171
204
5636
9720
6153
2697
3552
124
8901
7471
9699
7101
8835
4083
4507
4839
5453
6931
5909
5587
893
2717
8411
9977
94
7952
1126
2155
3681
8286
5992
5575
5442
8770
5015
4025
43
8933
5212
159
8368
1865
7658
6040
1317
719
4686
9582
1686
3434
9146
7188
940
1220
9756
3513
393
4360
4679
2497
6872
2000
5664
6382
6449
7617
121
9753
8865
7512
1423
6706
9432
214
8547
5551
9449
7068
9074
7607
6189
2598
5407
7387
164
1921
2267
4406
5084
718
3893
9253
9786
5099
3887
4955
6298
9837
5181
1871
476
6604
5769
6540
3687
2074
8124
3478
244
6060
991
6135
752
1729
2865
4814
5866
609
2038
2123
2263
8957
590
2715
4629
509
6133
8673
9354
7722
6159
2942
5577
7806
9331
2230
8411
1680
972
9473
9557
2567
2048
9588
7967
1593
8763
6485
9303
3084
2724
4137
7649
2944
4207
8931
2348
748
3434
2149
3009
5027
1010
6883
3488
7185
850
2833
3067
2244
9319
8578
3869
5057
2367
6396
6744
2684
6567
7534
9938
1905
7678
4355
8416
4013
4794
6175
2223
4308
7903
2041
9145
350
5910
2720
8823
9383
5952
6009
9622
5781
982
7016
4267
35
6233
4817
7229
3684
1335
2615
9049
7940
136
5056
1585
3679
4993
32
2854
3977
5434
860
446
815
3001
5703
2579
157
7811
1692
3360
816
7018
7920
679
5995
3061
776
6384
1578
2922
4756
2357
2793
3769
2214
2281
478
8541
6122
1190
5798
3111
7171
4609
1582
9120
5785
2779
9695
6487
564
5723
1757
8616
6427
4830
2603
6616
5150
625
697
7262
9178
8541
3642
6377
8419
7322
45
9753
6010
6136
9197
8317
3654
2340
1341
6346
8355
7123
3114
91
8588
6171
9872
5915
5602
5776
7733
9164
2327
7177
5103
3062
9497
9771
2599
6555
2688
3031
3919
8674
8524
2699
8039
2354
3722
9793
5626
1978
7854
1193
9047
2752
22
8340
8784
7792
776
3833
3359
7373
7777
6555
4338
6421
3762
5974
6971
439
3360
7189
8402
7588
6159
1573
1062
5427
5089
15
3595
4263
843
8128
476
5235
6895
7665
2331
4079
7628
5663
756
719
4962
5896
5310
8617
6266
7199
1800
8410
6254
469
905
6969
9884
5178
5676
368
4564
4189
2008
375
6144
3557
9315
3492
3448
4687
9997
836
540
8521
4818
3922
5564
8213
8723
2194
3003
9310
6222
4052
4195
304
4732
4298
4467
9365
3840
7597
1788
3073
7643
7372
7270
3190
9172
5370
1357
3597
2535
7780
6485
1506
8594
7108
9842
3215
5636
2679
4161
5191
9786
39
7351
4454
6223
7634
1500
2390
403
6929
4825
5440
2839
7580
5824
3641
3003
9755
5774
1802
8880
8645
1936
56
3081
1778
1689
596
1580
8709
2995
6963
4574
8305
6871
7074
8119
5256
8087
2738
6306
3800
3081
194
4789
9004
6087
7515
6157
8055
34
5546
340
858
9839
4387
2649
8372
4708
3089
2546
1593
483
3571
8503
2815
1684
4285
7861
2220
2879
4119
1073
5436
4021
3671
233
5475
266
9610
9698
8484
8280
8786
4771
776
6504
446
1762
8263
6487
705
7853
7353
8374
6851
8821
4521
4096
1879
8404
8368
8987
3768
3732
9921
4599
4537
843
8462
9669
6290
621
6957
8927
8681
5851
9229
2240
7620
4071
3301
1565
2780
8624
7135
4062
6119
6730
3009
337
5031
9988
6932
4852
4238
7654
5721
159
5119
3971
8155
773
1289
9370
7830
8154
8809
5757
3645
5337
2426
5424
9849
9965
6291
7157
9232
2021
5451
6689
6318
7303
8471
7154
2937
1600
7662
6045
5984
3430
7488
3571
7162
604
9150
6236
9900
8055
7846
6188
4622
2591
7556
4517
1634
4555
5742
4617
3966
7439
4311
2666
3851
8321
9210
573
1003
241
8428
1171
9840
3577
6469
8818
3858
2644
7927
9975
3060
1597
8882
6896
8342
512
4494
2620
8348
619
9003
9591
1096
1009
9222
7072
5123
1770
2366
5176
7285
2468
8530
1555
2906
2684
1803
6320
8252
4473
8156
1725
2556
907
2493
8401
3324
4882
9261
7969
9875
3450
5945
5729
7194
278
9176
6388
6926
9431
2974
3483
8362
410
5297
5830
1213
469
4408
7658
3629
1214
8557
1433
6221
1169
6106
2091
2334
2669
241
2170
3233
6730
9998
8027
3131
6016
8165
822
5909
8007
1391
7390
4010
2556
783
9186
1783
706
1164
8651
1785
4308
9933
9878
4506
5967
4993
4868
4178
9544
5333
2583
1626
8002
3194
1650
7104
5813
661
8303
8825
8462
9502
6369
8806
2851
6559
2078
2893
9479
14
1912
8657
6499
7093
5283
524
942
2720
1480
3253
2121
4198
5307
2299
2772
2752
813
2780
5487
2719
6865
7540
209
6244
3750
3776
579
5916
9645
3453
9417
5986
1270
9730
5445
9871
8687
9999
3590
5555
746
1777
5781
3567
8279
3125
3490
7873
1808
6001
6803
8653
8992
8106
2405
5745
3472
1115
4768
3733
1021
7136
8942
6998
6540
5720
1753
7842
6321
7243
1679
5979
181
8316
2613
1354
1151
3236
5844
1163
4490
9529
6351
8332
4739
4764
405
9437
8708
594
4440
6268
1127
6353
5994
4714
4190
4626
1520
5508
425
123
3410
3195
2656
2948
2493
7520
9405
5270
6723
5496
8956
9469
4336
8868
2145
697
9261
5474
964
5230
6680
4306
6669
940
857
5284
7184
8966
5281
3866
9933
1848
6152
1811
1043
5781
3438
1130
2477
5468
5251
6407
7408
4350
2522
2103
5045
5361
5482
2776
3655
1563
8923
4382
8217
6377
730
2052
3768
9727
2986
5338
2916
1837
2395
1222
864
9403
3058
8204
2221
9061
6832
1398
9263
7534
8150
3839
6243
9322
7199
8953
3480
9183
1273
8204
9155
5682
8183
1018
8394
2347
686
5465
7715
1927
732
398
345
5686
406
5764
1438
4331
360
5783
7819
5344
1859
8592
7671
7768
7700
8922
9466
1678
8788
6383
9184
1600
1291
6364
7608
6177
2726
9882
8111
2037
1710
9016
3537
5710
6369
2655
8476
80
138
4187
6686
7735
7285
8766
1609
12
9463
1595
1146
9517
6304
789
8320
4176
8224
8457
8150
1808
3125
30
8648
9233
4364
2636
1114
817
1133
6053
9730
2423
5810
74
7055
5483
1614
9768
2179
126
903
7111
7544
1975
3581
3175
5429
3243
1002
9294
8087
499
4424
3649
1381
5410
8429
3526
5854
1070
3582
8599
8424
1443
8200
2991
9786
4632
8614
2664
4429
4782
3172
8567
3122
341
8520
9678
6983
659
218
3180
6777
2746
913
1730
8359
8350
9275
488
3788
4861
7466
270
841
7067
1341
1885
6082
6580
4471
9999
8711
2752
3677
2040
7779
9144
9211
9314
4472
5911
6345
37
1367
1948
2611
6321
3884
8968
2921
2655
3086
3340
2487
444
3685
7037
2737
7951
4942
3432
8045
3502
8539
6439
208
7090
3735
2427
7998
8665
6130
6203
1173
8765
2248
2072
4632
9366
6450
6976
4170
6580
4500
152
6827
4817
784
8840
3495
3471
7005
8625
461
9798
8547
7884
6678
991
4071
6603
8998
8603
1650
4874
7449
8726
2994
5166
6782
6900
3912
8006
8293
7849
2866
2774
6647
3440
8096
6159
2948
1737
192
2820
1720
9156
2798
6582
1207
8153
7114
7022
5623
7630
6149
6940
2704
2515
3427
1732
1730
4902
65
221
6029
5722
8025
7172
324
4517
562
9445
3972
8819
4976
5496
6058
957
1723
5100
9970
152
1362
5250
7193
1643
5379
6824
652
4023
3911
6695
6901
6888
402
4333
6314
6683
9082
7239
1286
9193
1182
7644
7434
8663
3210
2863
5778
6037
8464
1878
5658
764
2794
629
2486
3080
9808
6043
4085
2056
4873
6686
2437
2983
3307
5867
8474
740
3953
2156
5512
7592
7682
154
9433
297
998
9225
5633
9329
9492
8638
3414
2254
4233
4867
4423
7409
8771
168
309
3518
4180
3117
9798
95
5652
6094
7483
3624
2091
2639
7923
7466
2872
7654
3908
9787
5978
8798
3904
793
1881
111
5250
9299
5773
5393
2000
5917
3772
6510
8282
1573
1242
3764
4261
8064
1812
3811
8614
2552
459
7603
1940
9652
1057
2926
9677
3911
1401
8541
1442
1020
4031
6718
3009
3007
4733
8594
371
8942
7400
6593
6965
8217
2239
4303
2025
4580
7143
1397
6307
6217
9490
6044
8851
1261
1975
8890
3202
9863
2387
3080
5884
742
9973
244
2905
1317
8518
7894
4638
5764
4103
5622
9875
7528
5475
8995
8771
3867
7362
7583
4065
213
904
5902
8710
3818
5017
593
955
2611
5523
7297
5859
5945
8267
2830
3192
4386
5912
2573
7298
8584
6384
4831
9382
5930
885
3774
6364
3878
3362
6861
1270
1666
7214
53
7073
7719
1674
1793
82
6205
8352
6693
1439
9069
7362
4513
4901
8916
4248
1410
6656
719
1300
3908
8169
1593
8045
3001
6706
3309
1635
8245
5601
3568
9473
7857
8383
9220
7866
4462
5401
5414
4008
5570
9661
7287
6889
9965
6428
2384
5240
7220
1064
7116
9093
920
6666
9283
8347
5583
139
6333
6863
9754
925
5185
1997
9750
6908
524
8643
4587
8755
9771
5331
6828
155
4688
9328
6182
7185
1133
2116
5218
9015
7493
1361
9398
5740
4363
746
8605
3656
4225
9847
549
2898
3989
1826
8628
442
7144
5792
7361
3411
2384
5770
8192
28
1247
4639
1881
9298
3298
171
5529
592
171
3416
7867
9037
7262
8322
9853
4014
9875
825
9477
7623
4959
4965
1390
6137
564
1706
7092
6271
1
4776
8915
1821
9252
7693
1931
3078
3141
3768
2515
2554
7207
7146
4420
378
1814
9194
5644
8956
4567
4319
9680
9622
4772
0
4758
8765
4445
6810
1965
9082
4793
8402
8480
4226
1444
5739
8501
6322
3061
5038
7483
3832
6004
9127
4808
1091
9304
790
6557
1054
3396
7899
8999
965
3514
7639
6202
5625
3987
1403
205
3414
281
3154
6405
5784
8601
741
1322
4103
3587
6781
277
6436
7607
9382
8725
5926
1470
6466
2480
6541
1781
3080
7849
2174
4745
6338
4662
4612
7546
8104
9198
1525
4708
564
4575
2597
655
971
8548
6674
5409
2880
4451
9415
8365
9723
7154
8604
8313
9102
4321
439
1606
2380
6280
8153
5818
9503
9493
4019
3439
6249
577
5169
3012
546
9267
7482
5467
3617
5393
5766
2501
5155
6243
1089
4984
9904
7943
9668
6549
378
3284
9762
1119
976
8739
3523
1818
8865
9000
9582
8964
8252
950
8456
2419
4634
6302
9078
1142
147
5052
9059
9888
1646
7817
7618
3154
5618
9060
4224
6727
1206
8578
1752
1542
5610
9873
224
3388
8302
8168
121
353
6170
7022
8166
1793
7760
4098
8021
8608
264
7834
8976
3656
530
1986
8005
2377
4464
2525
9441
2033
1946
202
2209
7253
3399
2494
9155
5415
4377
6715
3712
618
4818
4301
9160
262
5540
8959
6172
5629
1718
1527
4820
2130
6040
3777
6348
3732
6234
2061
3206
9311
5916
3805
5613
500
82
4266
7139
8727
6071
3713
7559
4563
3313
129
7730
1662
5431
5489
2016
9321
7067
3761
1246
4773
7104
259
1504
6753
5789
5489
4227
1661
9087
2743
724
5336
8688
5613
6961
9618
6974
1186
6624
6597
1720
2304
5859
3922
1735
9891
9618
7259
1585
3005
2816
8925
9004
7966
2613
9738
1832
888
6715
4852
7893
98
7456
9365
7588
6054
3065
6803
6786
7004
9166
1229
1125
9036
3890
7485
4938
712
7897
7015
2418
2769
3036
7986
4173
6254
2043
4595
8151
4534
8499
1687
3766
6954
3876
6600
5350
3091
3763
7306
6797
1720
8680
9898
4652
2924
5402
3981
2123
3313
1025
1609
2847
4219
4256
653
1415
8378
3159
8217
6430
8104
7515
9662
3966
1128
3018
5421
2884
8154
2818
5167
5926
2263
1188
9674
8043
4625
1067
1268
9954
2565
4850
7208
5833
1640
4823
6543
7531
2172
308
7830
84
5270
3829
6771
8024
3285
9601
9999
9257
7358
348
5414
7126
6337
8702
8475
4058
9215
850
9426
7296
4814
7004
6332
1633
8007
3272
4166
234
4367
8897
9799
5423
3508
9460
9567
7687
8980
9923
8849
6692
4862
1709
6523
9091
2490
9344
1454
2951
8184
3909
4236
4058
9593
2378
5325
9501
7546
5386
6452
2146
6796
3682
2970
9135
579
6964
284
3109
9791
4453
6700
8976
8743
7101
4762
8816
8284
4163
6878
5632
5090
8051
3778
494
4476
6091
6120
9195
1777
9782
5780
2536
6608
1020
1443
6901
5271
7382
8767
8981
2656
8236
7488
4365
762
5613
3841
6857
4147
3981
8289
1982
7366
8005
523
5995
1536
1811
1870
1428
1226
6756
7561
2771
5399
1472
9591
3467
9887
5933
8011
5004
2860
5376
7904
6840
649
3940
4561
2814
863
7063
1413
9923
7010
6239
4431
8550
7897
1519
705
7389
5456
6325
2850
2936
6535
1783
7845
1247
245
8472
5210
2384
8467
2064
1455
2323
6039
7951
8950
2484
1344
7434
7422
1237
2395
3266
8660
2655
4234
706
5819
6936
214
1866
9547
4361
2913
2585
5072
3422
6142
5183
9002
6922
4910
4815
9895
4900
563
7250
1311
7357
3568
8728
4970
9015
2907
274
3842
1518
547
614
7906
8645
2776
1807
224
3501
7907
5751
5975
8280
2487
5560
8878
3591
119
2505
7612
7802
2508
6286
7430
6769
8635
9491
4855
8351
4655
3707
7382
9767
1858
1267
5502
9790
7674
7558
6263
315
5522
1418
2009
976
3090
2718
4382
2698
7499
4457
2791
195
4780
1478
6654
7831
1602
7973
9442
644
5378
7127
2019
313
4631
5069
8276
34
4558
1864
1666
1972
4773
1813
3965
5283
5312
9093
9649
2992
4997
4021
8303
917
5474
5474
1340
598
6943
2631
108
7855
5023
5468
7222
1551
6783
9409
2821
423
4778
5131
6963
4389
1138
5825
1137
6
519
107
1011
9968
1500
7347
3522
4425
5028
8673
647
814
5585
2813
944
7509
8844
4095
7352
3316
5731
1616
4267
6415
3121
2396
3405
630
1565
7692
112
9265
5969
7652
9736
8951
236
8955
59
8183
3551
2345
3952
6143
8635
6047
8999
9318
9851
8300
7214
3031
3351
3807
1505
1185
4237
1234
6098
43
7475
2428
624
17
8993
4737
8037
2297
448
9877
6616
77
4853
3043
5770
4266
4598
650
4194
4002
8939
6833
8370
8401
1935
5278
5378
1091
3118
5880
8549
2726
3540
2664
7903
5626
8086
9603
1628
8841
9510
2477
116
876
8963
3042
9661
2778
5544
8047
7628
5555
4894
4464
8644
940
2065
9500
8589
9653
7201
3291
6716
5480
8096
6356
9043
1912
9599
1096
4795
6506
9697
3405
5522
6915
1260
4635
9725
2575
8170
1795
2970
7251
2946
2437
6898
158
736
2995
8688
5099
474
1282
3837
6591
5656
7614
3155
5187
7323
8109
7344
9646
1080
2997
181
7433
6304
6078
189
3403
90
8239
7374
9378
7609
794
5480
9689
8727
9524
4008
9233
703
2604
4792
6946
5991
9082
1407
2171
5595
1787
9375
2373
2663
8191
4954
5028
5362
5336
8589
7536
596
6306
6337
919
5329
7875
6730
1080
8799
3646
4020
1108
9763
4412
636
4904
4797
4190
7702
102
1120
6979
5176
2829
3356
9033
2085
6360
3178
1038
5832
8849
9526
6120
9276
1205
8310
9928
9587
2427
4112
4175
8717
6280
4677
5325
5069
2030
2034
4889
5908
9286
1881
7292
6753
4007
5315
301
1211
5363
1671
9397
4420
3920
8815
1581
2467
4966
744
7120
3951
6082
627
9218
7475
914
3559
8654
6469
6448
1210
5436
2853
6636
5311
2464
5425
5414
2601
3210
5608
7001
3186
3996
3007
3094
3839
7409
8004
2214
5092
2061
1473
1754
8414
6672
6342
3972
3129
9531
3725
8242
3472
3817
3333
6068
3979
8213
2898
9407
4157
9677
6713
8815
3036
4235
3350
3620
5157
3139
3939
2554
7209
6077
6906
7869
4481
5927
1592
6734
7295
7263
4941
5026
6725
8104
1158
3029
6329
2490
482
3059
537
3567
451
1297
9819
2585
1179
4679
4933
6423
8769
3067
4870
6588
888
4399
1776
6318
9598
7249
3613
4070
460
551
7771
2712
2809
5427
1866
1427
1686
6930
9815
9509
3941
8517
6568
5425
3780
3056
7434
3680
8015
1029
2381
4516
3449
6068
8551
1183
9878
5852
2654
1558
9879
3745
5254
3940
1772
3082
3625
5035
8865
6888
3860
4787
7639
7501
9856
8450
7058
4474
1193
8450
1746
317
4761
8932
3272
8639
3302
5467
525
3092
7104
6467
9346
3212
1904
9471
5435
4180
9584
3541
9254
1212
6260
9039
1557
2875
2921
840
4201
2871
2105
3180
2060
1335
2384
7071
5893
1423
1829
9766
1928
7003
5105
748
9066
1561
6385
5240
9161
1568
8630
1719
2746
4171
357
3416
2486
910
204
290
645
2145
6717
3164
6148
7228
7388
2970
8441
3475
1186
2312
3976
4625
8030
9291
8596
9167
7378
9721
1921
1000
494
4766
4793
5477
667
1777
2407
9302
9424
1427
790
9059
4553
3
8560
3014
4353
650
6315
4893
5509
5188
6913
2852
9960
7885
30
2680
2942
589
9993
1654
8040
8430
7789
2843
2239
1710
7843
3585
1647
6474
1364
2222
8786
5895
3108
1033
2928
7179
9653
2239
3870
2156
3472
3400
3473
6769
8382
7747
6035
5050
1845
4335
2418
9073
3499
2137
7333
1418
199
3561
1626
1321
8913
4316
5079
4606
4355
4427
4733
9924
3626
7652
9846
9461
1150
7687
9069
7248
4851
9913
4216
8832
7580
346
1332
89
5214
7198
9623
741
7737
6350
1623
8085
2822
6932
2809
7034
5510
7620
8135
1589
9004
8287
1888
7711
7947
6916
7526
7315
2670
4356
3405
560
4550
1004
5476
6081
7682
2830
9639
8035
8415
8124
2778
1996
4887
7215
9287
3127
1028
5946
1850
8374
5917
6322
979
9417
5759
6184
1886
6511
8124
3997
7940
7935
6706
2584
4219
5621
9088
4829
6539
3762
6219
3530
9239
8092
4731
1676
6644
9575
5810
3975
6065
4417
8878
8660
4773
2902
991
7639
1873
5107
2345
7162
9700
796
4446
8959
4946
7697
2142
3546
4934
7898
8362
6006
3467
9824
7210
567
1332
7307
7527
6997
5539
4123
1292
1431
3115
1863
9375
6817
7955
2044
5588
7681
8107
3452
1316
1262
946
1994
8308
1578
816
8683
9611
4158
4340
919
8451
2379
9644
945
2076
1378
9020
173
5287
5938
360
7267
6812
2512
8722
8000
3821
4008
1641
9515
4900
6869
8842
4291
2590
4804
703
4264
6853
6142
3790
3532
2780
3083
2488
1392
3959
4241
8763
1501
1066
4375
7295
1501
169
5481
6371
7421
7372
7997
9935
7813
7852
1234
1322
8285
377
4075
5654
2769
8461
9071
5591
3894
134
4733
3430
9263
531
9581
9797
7069
2939
5681
7687
7916
9690
3466
7597
7695
2175
7218
7432
4680
6481
1349
9438
7755
3000
9910
8896
5071
3951
5743
6824
8918
7642
9678
7194
6644
330
5992
7905
3530
391
3607
8802
3879
4947
3590
5231
9983
5102
4100
6607
777
4502
7564
8317
533
8300
1434
4647
2374
625
8404
7068
3704
6978
89
3459
2929
8448
6164
7462
9286
8361
5447
1392
7092
4765
1769
4268
2370
8982
8143
7497
1385
8396
6541
1392
4093
688
5496
3387
6139
5400
1286
9866
372
9140
9335
3954
2879
7879
3898
8232
8244
2202
4889
6427
2400
1397
4658
4232
2785
8682
6340
8025
8676
1519
9342
8947
535
4499
5053
6040
1232
4565
8045
3030
5881
6834
7508
2777
5821
1086
9706
9910
9996
3588
2619
1732
4322
2952
6542
648
1142
5574
6871
1424
6585
7849
6469
2193
4043
1962
9228
7063
7242
7670
5833
3820
510
6490
1338
3704
421
9337
5433
9460
3477
8360
392
573
205
6538
5478
2573
1177
420
3331
5667
4343
9582
1056
9002
1532
7727
2571
9223
6115
4361
4962
2871
2756
6721
4214
835
7427
644
7250
481
890
7118
6337
6141
6466
6565
1944
8699
7534
7937
3187
9466
6096
944
2897
6217
6060
7113
6223
4819
418
7218
5798
8531
5407
4165
3451
6549
8822
2306
6030
6200
7373
8077
9221
2538
9537
8930
2600
112
967
5334
1156
9223
75
7927
1158
5918
9592
5222
6075
9185
7304
2328
3125
9727
2107
877
7850
9201
2725
1975
1565
2791
401
7502
1160
9663
3289
8875
8359
5706
1682
5363
9774
1942
3908
4370
1744
7090
1376
2802
4574
3998
9581
9350
8173
4211
569
5193
2939
1619
1711
2182
4264
2171
2452
4262
7933
8444
6453
9054
526
2683
9669
6807
1453
2071
8728
1243
9056
4870
5626
7255
2817
1498
6399
3106
112
8136
1850
497
8384
6991
7060
9375
913
4998
7006
7320
353
6551
4845
4089
2590
2831
8812
2075
5772
2237
2546
963
812
8958
5693
5082
8607
8477
8366
8179
2159
4773
4791
6643
8369
8133
7304
4224
4506
5842
6225
4344
1748
5277
6385
6361
9701
6058
3716
2718
7076
8264
8495
7144
9148
2919
4118
8221
3794
4250
8400
9412
1827
5651
7757
3391
4808
3537
4065
7231
6344
216
5587
824
8759
1319
1595
8401
2557
4954
9226
5846
8336
4087
5592
7200
1170
9966
8493
6025
6607
3458
2721
9088
9231
8717
2097
9953
1146
9400
7222
7470
4202
7919
2688
9706
336
682
1608
2217
5445
6189
1052
262
1132
6283
7033
3676
3163
3684
9777
3529
2738
6737
319
6736
2361
5847
1639
4297
7134
5932
3123
804
4147
8339
5213
334
3148
817
9495
1098
3623
5355
1081
7567
5614
5227
2531
6520
1092
125
4663
9735
1883
3522
8372
1576
789
7333
7072
4009
7166
7021
5834
6725
4789
6193
3240
9662
5371
4261
4219
4143
4077
9270
5623
4193
3199
7863
3462
9575
2111
4032
7273
7112
8426
2978
8745
8401
113
4542
9166
7699
6627
789
3053
4357
1474
2211
7081
2134
4495
5935
8595
7657
8397
6454
1625
9311
5652
3994
2791
1813
6804
2154
8245
3615
3991
9285
5983
2881
7872
5148
458
4747
5825
9902
6242
5569
8501
5618
8113
9711
3
589
2610
3679
3288
2410
8756
4936
5162
9352
1138
2526
1798
6838
9130
7161
4817
4735
6346
5812
6322
8962
2202
203
3756
797
7844
5815
6132
8418
8122
8112
8775
7556
9159
3748
1623
2707
9565
6048
8944
7903
3471
9986
7330
7830
630
7558
6532
5209
8342
5258
5668
8841
309
8975
2055
9534
2903
5719
6813
5146
1727
3549
6886
3939
7853
222
1815
395
8395
8990
9991
5405
4499
8730
4802
4569
6233
6004
9931
6009
4605
8064
822
6828
9532
5171
9115
7948
5015
6783
4744
8494
7824
9369
2685
3312
162
7645
4675
3878
9254
1776
7364
1781
1886
2330
7805
8148
3292
5836
8077
4749
8873
7134
1521
9828
1663
4907
3437
4709
8310
7747
6651
6948
8939
1675
8936
2074
5187
8635
8938
5317
4332
9365
6497
6098
8435
7193
3909
7585
1368
775
6563
4384
8172
2096
6041
3144
4204
8552
8297
1049
5781
633
7677
365
8406
2237
543
8214
256
2364
4582
8877
5976
4172
2203
639
9921
5522
4396
1891
452
6048
773
3775
5687
9564
5354
3055
5287
4
9153
5787
9196
181
66
5905
6736
9821
1232
3254
2050
3560
9590
8388
9387
8514
2064
7333
863
6453
965
4861
3744
2411
3479
6975
4467
5563
7942
5693
9241
3478
3311
4546
7731
9600
3880
312
8508
1527
945
8574
5732
9694
2038
8223
6918
6819
2065
4827
7000
121
9904
8501
1360
6747
2559
1157
6356
8122
427
9271
8322
6782
3603
1710
9130
5753
4947
6613
9175
7934
7090
2297
8318
9466
5486
7906
5555
521
5268
473
1858
5701
1256
9942
5711
2449
2435
4467
2293
8017
6971
1585
1940
9733
7643
3718
6097
7381
5716
2702
3932
822
3626
2808
7813
2995
9955
4860
2663
1861
4849
2697
9989
2759
8146
7920
838
4218
4734
316
6373
9439
3103
2242
4371
5723
4747
180
2330
1938
1572
2944
9513
882
3237
2246
5997
4262
9996
8861
8474
3863
2155
5597
3167
6550
3826
8511
1248
279
5878
2844
6001
5281
2137
4609
7649
2082
3495
8466
1268
8799
2077
1664
8286
4999
9734
13
6877
9842
5219
3835
9305
9234
2872
3078
4668
9118
7182
2096
6661
3680
1716
8064
9913
8174
8891
1420
7259
7209
3364
6481
5450
8093
3250
5456
4283
9510
258
5209
8758
8677
9345
9286
5448
8404
9392
8197
4953
1617
3183
9021
7817
4146
3991
1808
2678
8808
699
3818
9282
4448
6349
1646
9063
1555
8681
9386
3347
9769
7719
9273
7431
9457
6729
6142
4332
5717
6889
2408
6797
4816
8198
3174
2529
3911
486
739
3175
1856
3606
933
7086
5942
7708
2318
5988
3449
4339
2564
502
2542
8857
9356
6774
6685
2283
8988
2186
5297
7442
1502
3174
5717
2371
1811
1175
5366
7677
9315
4896
2457
7562
5123
5001
8365
5864
1007
8393
1026
5531
5834
3923
6550
1662
3419
4886
1639
1194
4309
1472
5550
7558
7100
9593
7783
3345
6360
1843
8878
7459
281
8538
1791
9792
4900
9216
6126
6626
2931
3076
1319
5763
6910
8429
5066
6017
907
3001
5278
5668
9488
7446
6399
327
8598
2395
9047
2117
8208
176
8679
6726
7520
2899
9663
8266
5863
7890
8533
181
2073
2963
2163
9870
2109
602
9111
2954
5347
6012
2529
4927
9605
7718
2096
960
7771
4228
4010
7234
8490
6806
5066
3702
9403
676
5513
1846
4884
7740
6660
4291
6477
3953
2467
6202
8671
3899
7345
8735
1121
2577
9944
2850
5045
5036
4758
6333
1806
1109
1757
5163
6563
2909
7075
2914
3622
4625
285
2411
6083
4626
1489
1624
579
6321
9171
7160
3424
4980
3930
9626
6552
2538
5325
7425
434
9834
559
4470
7653
8519
5071
4766
9739
1102
2793
3103
5230
475
317
1693
9535
6193
6837
9608
7019
9413
7197
7842
6561
9958
555
6831
2180
6652
9453
357
3030
484
2583
1257
33
8279
1486
9132
26
7820
2948
9661
3855
1366
1903
2609
9697
5637
2600
6866
8250
5584
6794
43
2273
1678
2933
8627
925
8888
7285
121
4636
3753
6340
2264
9207
6814
6305
5874
5451
2369
4154
6384
1453
6349
4207
6493
5845
8415
6057
6570
5226
647
189
1749
861
2768
5897
9511
6828
4342
2401
5660
7702
5531
659
2556
2023
2335
5195
6123
4913
6427
1856
7272
7137
738
5377
3217
6611
1197
1949
7287
7089
6503
5725
1306
8431
9429
4363
3446
3140
2055
1086
2065
9999
7884
1930
9181
5431
2446
911
8936
4604
1479
3710
6154
1044
3057
9274
3143
3102
9290
9891
7681
7106
8714
3746
6018
4639
5968
259
9055
7571
676
2172
934
392
6702
1880
6215
8771
5465
9916
9929
2626
6389
5011
3480
1364
9940
1800
7725
6900
4267
3951
762
1747
705
5327
8193
932
4365
2006
541
893
514
2740
6690
8409
6772
8367
9001
9128
4696
9929
1931
5064
8285
2679
6017
3354
2776
4174
7074
3293
2732
1341
7652
9182
4539
5425
2050
842
7521
2051
7549
9247
1280
772
6467
6924
9811
3127
9173
9576
5563
9979
533
6199
6435
6621
7712
8805
6263
6316
5643
5790
4712
8999
1708
6489
9251
6172
3152
4839
3423
3610
2801
7376
2277
8996
3383
3409
7506
4495
8902
4277
5639
36
9049
5332
7801
2348
6197
3489
5433
7247
7083
4096
2481
541
6407
9640
7821
18
3361
6929
2475
5249
1292
5833
5002
8159
2021
4563
4295
4164
6771
5004
2861
4123
8138
4652
5318
8750
5348
2485
3431
4460
4040
9316
7769
9750
1118
9779
8293
9536
600
4993
8493
1206
4015
4148
6687
8915
7798
541
9052
3598
7265
5246
2533
3950
8840
5672
8423
540
9908
6495
3388
353
4142
896
8166
4135
1097
5341
6591
8617
5409
5647
5552
116
3798
6257
1461
4258
1187
9103
7351
4990
7525
3803
9245
7345
5621
4122
3612
5086
4723
2172
6652
6737
981
3294
1498
7543
413
946
47
4993
2145
6130
828
4172
2767
2435
6044
3138
3793
4576
6222
3473
6417
2347
5187
6145
2559
6843
2113
6040
7833
8003
568
4574
487
3652
3942
2433
660
1641
7972
1569
1678
381
1149
4063
1667
3055
4560
4584
6122
8205
8041
875
1779
8528
4732
3268
3250
108
2152
3578
532
9897
9820
4092
5341
2380
5547
7097
4575
220
1473
105
6667
919
2912
8878
4262
1243
8886
7738
2321
4578
2648
9326
8269
7344
8408
8592
3345
1864
1526
9859
3440
2612
9830
9334
6132
4481
8533
6534
3481
9069
9500
4657
2761
3803
5939
335
6473
4763
4405
7274
8212
3218
3718
8126
7763
3708
1555
4080
876
6492
4200
499
6853
860
5426
5548
7001
1092
386
9807
7494
6977
349
2076
2535
537
8269
1616
2165
4540
7344
5994
2113
3673
4422
6894
435
3497
7427
5087
2690
7975
5734
2757
7938
5972
8274
6751
3138
9776
6433
1990
1257
1216
6321
1183
387
6559
7818
4787
4893
7671
3537
7148
1294
6727
1319
6984
725
6406
8486
885
2144
9927
4185
2597
9678
5391
9153
1576
1093
2482
8753
5657
102
981
1238
2561
8514
4690
664
7363
4197
599
8830
1936
8627
9365
1456
1758
8853
1646
4850
3747
5094
9373
490
2606
240
3537
1793
7419
5043
61
4799
2364
6746
9860
5337
1130
1977
5098
5847
3937
7208
2967
5989
5259
678
5002
6457
6641
6580
4073
990
5446
7528
6016
9358
5466
5930
9178
2012
8276
5981
5280
1711
7853
1182
6157
6127
8058
9368
2563
6900
5866
3056
3823
9521
2724
2194
5147
3327
3243
1319
4303
6872
5148
8660
2919
7284
49
4784
9809
3711
2701
6911
2514
7273
2711
204
3791
2075
830
5396
1553
9543
2230
3460
1191
5599
465
8242
9723
4539
7032
4296
9908
6978
6740
9984
4971
7827
9271
136
7741
3908
7751
6471
1486
7377
8129
5020
8230
5061
3107
9383
8434
4374
7767
2520
4899
5650
1901
3461
1168
1253
3565
9426
2939
2171
9645
5431
8053
2276
6940
5977
8176
5222
7765
2299
8654
373
8916
8160
9272
1958
5416
8570
6138
8792
1272
1861
3038
4116
7020
8605
8754
4726
683
1250
8839
3011
6125
3540
1898
4341
5182
5739
6282
2261
1392
3851
2916
3293
360
167
9560
3413
3617
5392
6267
1130
1164
349
2717
5269
4687
3798
2599
2020
2389
9595
5349
7327
6542
2613
9375
1750
7792
1561
8605
4662
7221
4084
9689
6683
5110
6819
6323
7594
3512
1664
3989
8162
4195
9016
9870
8373
4442
6683
3114
7137
143
1874
9351
125
64
7947
2410
621
3405
5968
4700
8668
1621
3858
3362
382
9992
1018
8710
287
2215
3790
3728
6490
6361
2790
9841
4736
2720
2678
1451
9023
1238
3905
8808
9805
6223
9223
8275
266
5049
3936
1055
2200
2493
7478
8374
7783
6289
3542
6778
6312
7908
9057
6709
8840
4126
5433
7800
5662
970
5724
3872
3417
2212
2585
9617
9111
2215
7911
8723
1103
8724
2277
9281
842
4253
5557
6174
5334
1854
1469
7476
1979
3762
9597
9852
1781
688
9069
2544
8783
4546
8634
2834
8902
2032
4751
6491
1220
2738
5456
5118
5835
2577
1737
6020
2815
195
810
670
4457
8322
951
4060
2795
7161
163
5808
7351
3382
3320
2623
8878
1110
4633
407
4689
267
486
635
3357
1099
7454
5933
6730
1952
7070
5493
4573
8254
2709
6498
6958
1505
2068
3722
4663
9437
2648
5733
3312
8669
7257
5471
4618
6337
726
1618
5706
1362
6271
8164
2480
9396
4114
9314
8730
1825
785
1936
294
4411
5983
777
6870
6176
8400
903
2086
1728
3930
573
5798
8449
8233
9945
5645
8256
2167
5787
6265
5948
4459
413
2330
1029
4247
5238
5731
8399
9783
6911
5734
5733
4409
927
9321
2227
7117
1585
825
7709
2394
4221
4514
3966
2406
1762
5093
6340
1341
9648
5729
9828
4625
348
3491
9277
1964
6384
2875
2527
7513
8131
2860
4786
4429
3492
5485
4126
4448
483
7012
5337
48
5672
4384
2856
1705
5117
3943
3127
2056
2478
7895
516
861
7577
8813
3541
9354
6763
6971
5071
7808
5682
5229
3047
8487
6638
6491
391
2226
1368
9819
6793
1570
439
2100
2572
6504
1337
9095
4617
4453
1519
2957
862
9212
7370
9444
4756
1956
3797
8809
3111
2075
7175
1070
1434
512
7860
676
3599
145
5763
5681
2132
4683
6711
1784
8292
9876
3413
1688
1293
4934
6172
5628
9321
3334
9397
669
5073
6790
7457
36
8755
6527
2477
4337
3069
7573
7828
4653
2892
2846
257
1809
6846
1698
3683
1623
6933
5317
9177
7358
1356
6374
8977
7775
9157
15
7542
8492
3257
980
1276
3746
3061
295
4212
1851
1565
8045
1477
905
8157
6064
9221
1685
2505
3317
5946
469
9368
751
1742
5048
5495
2724
8922
4617
7767
5831
9039
9997
3132
1547
5709
9158
8137
4302
40
8614
2206
5316
5979
3554
6108
563
2183
7080
625
6747
7539
5672
3768
7277
5011
52
2939
6622
7156
3611
6689
9228
3810
1366
5569
7591
9901
6525
8095
6772
8886
6511
4338
4271
8058
3367
7316
1646
244
6820
3243
8664
7030
7963
3026
9649
1646
2775
9447
5071
4813
8126
7736
9032
1994
5764
7777
3534
5171
2260
2800
6541
6815
5415
1824
5639
6570
1840
7299
9612
9647
9653
7054
9447
1122
3076
8968
3286
7077
4812
9436
993
4863
5816
209
1204
5518
6172
254
2834
5116
9617
4485
4721
2250
2885
5237
8679
9589
3710
2665
7769
6945
7744
4014
8122
5174
6142
7387
1190
8310
3597
310
4236
6554
5141
1919
2198
5647
1675
1856
8497
5918
4497
1793
8267
6349
1401
8965
4084
484
9354
7881
8289
8498
6606
4260
7586
4955
7867
2302
378
1440
2798
6525
7820
3693
6390
53
8031
2233
1679
3339
4100
8566
3227
622
8115
2534
8432
1080
2011
3157
3152
9400
8055
1161
6940
5435
3541
3421
4448
5739
3773
4594
3751
7445
4608
1812
1876
9450
6565
2423
3999
4299
7381
406
7144
2901
9267
7187
4657
7096
9484
3325
5814
9733
4076
3602
4439
8136
5759
9227
9558
3708
1560
3814
7420
5818
4281
9846
85
5688
7850
8778
9788
9639
1
4703
1873
5473
6887
4343
7478
9092
874
9769
4013
1072
1613
2686
8195
2719
7270
1578
2164
4837
4937
1478
8186
7117
3064
3867
5757
3185
8369
4156
4111
8775
6150
84
3679
7073
827
1688
4312
8512
4523
6419
3149
6865
192
1921
2952
3251
1367
6183
882
960
6839
1236
7280
1491
7291
2376
1813
9758
2293
4354
7913
275
5263
7684
4288
9428
5636
5136
2348
3077
313
5152
4308
9621
8445
5978
5670
7061
7379
4234
151
8834
5064
2224
5176
8629
6354
3437
2421
1084
5087
398
5460
4664
4196
4933
4112
9725
1868
285
2878
3466
3068
3629
8895
3333
5525
3487
8174
2472
4853
3613
8942
3506
9233
2343
5205
7906
5356
8758
2340
3125
4644
74
7888
9989
2885
9342
1625
4148
9115
706
8208
612
9140
4091
5622
3507
8401
7703
2644
3161
7396
9527
1798
5640
2697
4995
8781
3314
5390
5463
8651
5680
5163
4188
6666
8707
7910
9775
3901
2728
4068
1038
1798
6217
1043
8178
2898
1123
149
4630
4902
8794
9501
4332
6152
6702
5724
7337
6667
8135
3324
4198
8430
6171
7978
4516
9942
623
4231
2343
4458
95
6837
4033
1121
5942
2306
8253
1114
9742
4665
6155
5814
3567
8532
3115
2698
268
1397
3864
3606
2614
9259
1872
3567
6727
7388
7101
9845
9050
6740
9841
5538
1908
9559
5966
8004
7831
6825
4162
5790
177
581
9850
8903
9499
2955
2956
7227
3112
6295
8419
7495
9303
4965
5996
4564
6339
2322
1941
6230
1786
2147
1322
3001
1351
8297
9272
7582
5703
506
7320
6081
9096
1390
2981
8336
8778
4420
6731
7957
7752
19
1917
4125
6904
3442
6330
9017
1991
1894
7840
4970
8601
7533
7016
5694
1932
1913
6069
870
7663
1065
9606
2303
9431
2935
7575
8679
7131
4294
2200
3444
2617
9094
152
9332
764
3226
8031
7969
6439
2350
8699
9157
3499
1285
1912
3041
3496
1087
1098
5041
9581
5228
2142
4760
998
